Fee=10.000000
Free=0
NoDiscount0=1
NoDiscount1=1
NoDiscount2=1
NoDiscount3=1
NoDiscount4=1
NoDiscount5=1
NoDiscount6=1
NoDiscount7=1
NoDiscount8=1
NoDiscount9=1
PassiveCost=0.000000
PriceDayA0=0.000000
PriceDayA1=0.750000
PriceDayA2=0.000000
PriceDayA3=0.000000
PriceDayA4=0.000000
PriceDayA5=0.000000
PriceDayA6=0.000000
PriceDayA7=0.000000
PriceDayA8=0.000000
PriceDayA9=0.000000
PriceDayB0=0.000000
PriceDayB1=0.750000
PriceDayB2=0.000000
PriceDayB3=0.000000
PriceDayB4=0.000000
PriceDayB5=0.000000
PriceDayB6=0.000000
PriceDayB7=0.000000
PriceDayB8=0.000000
PriceDayB9=0.000000
PriceNightA0=1.000000
PriceNightA1=0.000000
PriceNightA2=0.000000
PriceNightA3=0.000000
PriceNightA4=0.000000
PriceNightA5=0.000000
PriceNightA6=0.000000
PriceNightA7=0.000000
PriceNightA8=0.000000
PriceNightA9=0.000000
PriceNightB0=1.000000
PriceNightB1=0.000000
PriceNightB2=0.000000
PriceNightB3=0.000000
PriceNightB4=0.000000
PriceNightB5=0.000000
PriceNightB6=0.000000
PriceNightB7=0.000000
PriceNightB8=0.000000
PriceNightB9=0.000000
SinglePrice0=1
SinglePrice1=1
SinglePrice2=0
SinglePrice3=0
SinglePrice4=0
SinglePrice5=0
SinglePrice6=0
SinglePrice7=0
SinglePrice8=0
SinglePrice9=0
Threshold0=0
Threshold1=0
Threshold2=0
Threshold3=0
Threshold4=0
Threshold5=0
Threshold6=0
Threshold7=0
Threshold8=0
Threshold9=0
Time0=0:0-0:0
Time1=0:0-0:0
Time2=0:0-0:0
Time3=0:0-0:0
Time4=0:0-0:0
Time5=0:0-0:0
Time6=0:0-0:0
Time7=0:0-0:0
Time8=0:0-0:0
Time9=0:0-0:0
TraffType=up+down
