Fee=1.000000
Free=2.000000
NoDiscount0=0
NoDiscount1=0
NoDiscount2=0
NoDiscount3=0
NoDiscount4=0
NoDiscount5=0
NoDiscount6=0
NoDiscount7=0
NoDiscount8=0
NoDiscount9=0
PassiveCost=3.000000
Period=day
PriceDayA0=5.000000
PriceDayA1=0.000000
PriceDayA2=0.000000
PriceDayA3=0.000000
PriceDayA4=0.000000
PriceDayA5=0.000000
PriceDayA6=0.000000
PriceDayA7=0.000000
PriceDayA8=0.000000
PriceDayA9=0.000000
PriceDayB0=3.500000
PriceDayB1=0.000000
PriceDayB2=0.000000
PriceDayB3=0.000000
PriceDayB4=0.000000
PriceDayB5=0.000000
PriceDayB6=0.000000
PriceDayB7=0.000000
PriceDayB8=0.000000
PriceDayB9=0.000000
PriceNightA0=4.000000
PriceNightA1=0.000000
PriceNightA2=0.000000
PriceNightA3=0.000000
PriceNightA4=0.000000
PriceNightA5=0.000000
PriceNightA6=0.000000
PriceNightA7=0.000000
PriceNightA8=0.000000
PriceNightA9=0.000000
PriceNightB0=2.500000
PriceNightB1=0.000000
PriceNightB2=0.000000
PriceNightB3=0.000000
PriceNightB4=0.000000
PriceNightB5=0.000000
PriceNightB6=0.000000
PriceNightB7=0.000000
PriceNightB8=0.000000
PriceNightB9=0.000000
SinglePrice0=0
SinglePrice1=0
SinglePrice2=0
SinglePrice3=0
SinglePrice4=0
SinglePrice5=0
SinglePrice6=0
SinglePrice7=0
SinglePrice8=0
SinglePrice9=0
Threshold0=1000
Threshold1=0
Threshold2=0
Threshold3=0
Threshold4=0
Threshold5=0
Threshold6=0
Threshold7=0
Threshold8=0
Threshold9=0
Time0=6:0-18:0
Time1=0:0-0:0
Time2=0:0-0:0
Time3=0:0-0:0
Time4=0:0-0:0
Time5=0:0-0:0
Time6=0:0-0:0
Time7=0:0-0:0
Time8=0:0-0:0
Time9=0:0-0:0
TraffType=up+down
